3
79
98
8
188
187
190
190
190
0
0
1000000071
9
13034
1091
11
168
122
15050
382689688
24674951477
6957586376885
1686722738828503
10
170
2927
2617
2617
35286
1569580307
1228611629
352800240
2943353
444160725
1110844758
25568
19241351
13514
178919
176873122
2103
84901873
658
48587586
188117
1768
36
91026928
852315624
22
39823
22450
1596476220
233555376
16173709
6442689
1634070
56507
2291
126728607
383
80
1377
58
17631355
2229
1581548
4158
11090
188935106
1318872
9721799
50
3372
694
25959
332840
1908396103
88
1451590454
348
496368
168820
181
124
711
6
781827
8525
5
137584246
10287815
1829
19190599
6380183
24141794
1014693099
333293
179169272
741
565901
413
1633051498
237
594330
1281392434
12489
1983
640
25
697276280
108
17010523
285081243
13240342
8491888
197
109010714
117129
271743
10610076
1104
17408512
52015
100436
1077725590
85444814
168690
3834
13513
22657947
1
1323
2481779809770222
192155519227
251197501822078
1643617972526
21356787617731
1417389399054583
1535094856169889
50446731717289
24791887932
164849067558
1250555668437
1899242617479630
2348220311781678
9484575879
102223964993
211137167927774
1502559207554
578841654213
223769760016708
1621586193466178
10265301686
27972318974
19237089399131
1940823735834114
3556152953691
2345116634150
362744740988098
12771339468
1308212727912
17664399684
282457978829
131964991694472
9446958594
259899069830476
1588614905349836
147205708819
471886938282267
1476711747007
166781270318
21415783335
2444629695501371
3488619722946
149289415916446
233710283901
130051296604894
196750735957094
705203851647
2827246197390551
21152214977
277600753539730
416925922839829
865313845702
36688706797293
1969425196444169
1770731201376
312045431362
19718134688